
[case]
rpm = 2200.0
v_inf = 0.0

[rotor]
nblades = 2
diameter = 0.7112
radius_hub = 0.03
section = NACA_4412 NACA_4412 GOE_450 GOE_450 GOE_450 GOE_450 GOE_450 GOE_408 GOE_408
radius = 0.03556 0.07112 0.10668 0.14224 0.1778 0.21336 0.24892 0.28448 0.32004
chord  = 0.031 0.056 0.07 0.07 0.065 0.058 0.05 0.043 0.034
pitch = 0 19.6 17.9 14.4 11.6 9.7 8.4 7.2 6.7


[fluid]
rho=1.225
mu=1.81e-5
